-1.0,0.0
0.0,0.0
1.0,NaN
2.0,0.3594304828613588
3.0,0.7096482855537765
4.0,1.0692638891191493
5.0,1.4300464119693812
6.0,1.7868911782195256
7.0,2.137234662485238
8.0,2.479903137756649
9.0,2.8144587458313324
10.0,3.140854499589386
11.0,3.4592502908784084
12.0,3.769912477380629
13.0,4.073158008457224
14.0,4.369322875869412
15.0,4.6587443621588065
16.0,4.941751138021313
17.0,5.218658020913784
18.0,5.489763362494549
19.0,5.755348130629336
20.0,6.015675876366767
21.0,6.270993297042506
22.0,6.521530991991716
23.0,6.767504450721223
24.0,7.009115096651634
25.0,7.246551229141589
26.0,7.479989030114911
27.0,7.709593521318907
28.0,7.935519344064838
29.0,8.157911655735482
30.0,8.376906778541143
31.0,8.592632914258083
32.0,8.805210802246304
33.0,9.014754194568873
34.0,9.2213704806462
35.0,9.425161050485443
36.0,9.626221839403783
37.0,9.824643622713749
38.0,10.020512421099676
39.0,10.213909873751732
40.0,10.404913440341181
