3.0,0.0,-Infinity
3.0,1.0,0.0
3.0,2.0,0.6309297530638464
3.0,3.0,1.0
3.0,4.0,1.2618595066125782
3.0,5.0,1.4649735197035862
3.0,6.0,1.6309297521630992
3.0,7.0,1.7712437474398606
3.0,8.0,1.8927892587435313
3.0,9.0,1.9999999978289866
3.0,10.0,2.095903271955897
3.0,11.0,2.1826583361773606
3.0,12.0,2.261859502843844
3.0,13.0,2.334717515183033
3.0,14.0,2.4021734984566803
3.0,15.0,2.464973516458059
3.0,16.0,2.5237190082536416
3.0,17.0,2.5789019172640857
3.0,18.0,2.6309297477938
3.0,19.0,2.6801438535785578
3.0,20.0,2.726833020554945
3.0,21.0,2.7712437420535485
3.0,22.0,2.8135880852868222
3.0,23.0,2.8540498216838124
3.0,24.0,2.8927892524504615
3.0,25.0,2.929947033401217
3.0,26.0,2.9656472634857063
3.0,27.0,2.999999990731464
3.0,28.0,3.0331032455000475
3.0,29.0,3.0650447416509348
3.0,30.0,3.09590326414471
3.0,31.0,3.1257498456531767
3.0,32.0,3.154648756613522
3.0,33.0,3.1826583259452508
3.0,34.0,3.2098316644351
3.0,35.0,3.2362172561348475
3.0,36.0,3.2618594938334646
3.0,37.0,3.286799115310714
3.0,38.0,3.311073598542184
3.0,39.0,3.3347175056283533
3.0,40.0,3.357762766233809
3.0,41.0,3.3802389512783897
3.0,42.0,3.402173486653506
3.0,43.0,3.423591868897675
3.0,44.0,3.4445178288670935
3.0,45.0,3.464973504296834
3.0,46.0,3.4849795660496823
3.0,47.0,3.504555358173408
3.0,48.0,3.523718995798319
3.0,49.0,3.542487480365541
3.0,50.0,3.5608767757890893
3.0,51.0,3.578901904486925
3.0,52.0,3.5965770066996767
3.0,53.0,3.613915419694511
3.0,54.0,3.630929732988737
3.0,55.0,3.647631837538004
3.0,56.0,3.6640329886557796
3.0,57.0,3.680143836807358
3.0,58.0,3.695974483852563
3.0,59.0,3.711534506456137
3.0,60.0,3.726833005447957
3.0,61.0,3.741878623297274
3.0,62.0,3.756679586048831
3.0,63.0,3.7712437250356503
3.0,64.0,3.785578496133993
3.0,65.0,3.799691015550375
3.0,66.0,3.8135880664280264
3.0,67.0,3.827276131130338
3.0,68.0,3.8407614040460656
3.0,69.0,3.8540498028028294
3.0,70.0,3.8671469967392844
3.0,71.0,3.8800584068077253
3.0,72.0,3.892789231759098
3.0,73.0,3.905344455343799
3.0,74.0,3.917728852443118
3.0,75.0,3.9299470127990563
3.0,76.0,3.9420033366675296
3.0,77.0,3.953902056990209
3.0,78.0,3.9656472429625826
3.0,79.0,3.9772428028612112
3.0,80.0,3.988692502768492
3.0,81.0,3.9999999685196763
3.0,82.0,4.011168687050854
3.0,83.0,4.022202023820553
3.0,84.0,4.033103223470661
3.0,85.0,4.043875409999923
3.0,86.0,4.0545216031357505
3.0,87.0,4.065044717967787
3.0,88.0,4.075447564182491
3.0,89.0,4.085732861579718
3.0,90.0,4.095903238880215
3.0,91.0,4.105961232205947
3.0,92.0,4.115909299891257
3.0,93.0,4.125749820623109
3.0,94.0,4.135485091312422
3.0,95.0,4.145117341316618
3.0,96.0,4.154648730038815
3.0,97.0,4.164081344305184
3.0,98.0,4.17341721209114
3.0,99.0,4.182658299679869
3.0,100.0,4.1918065086382414
3.0,101.0,4.200863689119332
3.0,102.0,4.2098316366612885
3.0,103.0,4.218712088836406
3.0,104.0,4.227506738187696
3.0,105.0,4.236217228734074
3.0,106.0,4.244845152352832
3.0,107.0,4.253392061396847
3.0,108.0,4.261859463147108
3.0,109.0,4.2702488250406425
3.0,110.0,4.278561568880547
3.0,111.0,4.286799083227427
3.0,112.0,4.294962719339257
3.0,113.0,4.3030537870400565
3.0,114.0,4.311073566864534
3.0,115.0,4.319023304039892
3.0,116.0,4.326904213278415
3.0,117.0,4.3347174725882684
3.0,118.0,4.34246423525896
3.0,119.0,4.350145623616965
3.0,120.0,4.3577627336464255
