5.0,0.0,-Infinity
5.0,1.0,0.0
5.0,2.0,0.4306765580250931
5.0,3.0,0.6826061949586187
5.0,4.0,0.861353116381172
5.0,5.0,1.0
5.0,6.0,1.1132827523688562
5.0,7.0,1.209061954784168
5.0,8.0,1.2920296737694663
5.0,9.0,1.3652123884352902
5.0,10.0,1.430676557471134
5.0,11.0,1.4898961017527377
5.0,12.0,1.5439593087672294
5.0,13.0,1.5936926393423314
5.0,14.0,1.6397385114119478
5.0,15.0,1.682606192743202
5.0,16.0,1.7227062293687572
5.0,17.0,1.760374424915124
5.0,18.0,1.7958889443449642
5.0,19.0,1.8294827978329888
5.0,20.0,1.8613531124485279
5.0,21.0,1.8916681460660567
5.0,22.0,1.920572657078543
5.0,23.0,1.9481920890019115
5.0,24.0,1.9746358644323965
5.0,25.0,1.9999999959002979
5.0,26.0,2.024369194117418
5.0,27.0,2.047818578549096
5.0,28.0,2.0704150653274245
5.0,29.0,2.092218528476267
5.0,30.0,2.113282747097788
5.0,31.0,2.1336562085338047
5.0,32.0,2.153382784182894
5.0,33.0,2.172502289726855
5.0,34.0,2.1910509789177337
5.0,35.0,2.20906194726963
5.0,36.0,2.226565497575307
5.0,37.0,2.2435894376956007
5.0,38.0,2.2601593503288213
5.0,39.0,2.2762988277788665
5.0,40.0,2.2920296654325862
5.0,41.0,2.307372048583053
5.0,42.0,2.3223446983136466
5.0,43.0,2.3369650187195083
5.0,44.0,2.3512492086300893
5.0,45.0,2.365212379400493
5.0,46.0,2.3788686410897117
5.0,47.0,2.3922311980645894
5.0,48.0,2.4053124158252954
5.0,49.0,2.4181238996608667
5.0,50.0,2.430676546637905
5.0,51.0,2.442980611151974
5.0,52.0,2.455045745418925
5.0,53.0,2.4668810535399497
5.0,54.0,2.478495129197555
5.0,55.0,2.4898960892317312
5.0,56.0,2.5010916165891777
5.0,57.0,2.5120889813434824
5.0,58.0,2.5228950790867426
5.0,59.0,2.5335164469096383
5.0,60.0,2.543959297095023
5.0,61.0,2.5542295290459465
5.0,62.0,2.564332757911511
5.0,63.0,2.5742743294081527
5.0,64.0,2.584059332963195
5.0,65.0,2.5936926261432913
5.0,66.0,2.603178839164031
5.0,67.0,2.6125223969268236
5.0,68.0,2.6217275277598064
5.0,69.0,2.630798271072254
5.0,70.0,2.6397384967898527
5.0,71.0,2.6485519052882216
5.0,72.0,2.6572420452669627
5.0,73.0,2.66581231866497
5.0,74.0,2.6742659848457926
5.0,75.0,2.682606176795754
5.0,76.0,2.6908358981568012
5.0,77.0,2.698958038361142
5.0,78.0,2.7069753750668255
5.0,79.0,2.714890576087643
5.0,80.0,2.7227062121747703
5.0,81.0,2.7304247583458108
5.0,82.0,2.738048594804942
5.0,83.0,2.7455800188350032
5.0,84.0,2.753021245248648
5.0,85.0,2.7603744065067715
5.0,86.0,2.767641563894013
5.0,87.0,2.7748247072686225
5.0,88.0,2.781925754539982
5.0,89.0,2.78894656226032
5.0,90.0,2.795888924810706
5.0,91.0,2.802754573363703
5.0,92.0,2.809545185993563
5.0,93.0,2.816262386406744
5.0,94.0,2.822907742488868
5.0,95.0,2.8294827760131227
5.0,96.0,2.835988961001453
5.0,97.0,2.8424277219343312
5.0,98.0,2.8488004431203398
5.0,99.0,2.855108466756562
5.0,100.0,2.861353090864322
5.0,101.0,2.867535578369573
5.0,102.0,2.8736571549177765
5.0,103.0,2.8797190065865452
5.0,104.0,2.8857222887162246
5.0,105.0,2.891668123524311
5.0,106.0,2.897557597636105
5.0,107.0,2.903391770697297
5.0,108.0,2.9091716715872282
5.0,109.0,2.9148983019875057
5.0,110.0,2.9205726324297276
5.0,111.0,2.9261956107539686
5.0,112.0,2.931768159337292
5.0,113.0,2.9372911722736874
5.0,114.0,2.94276552366408
5.0,115.0,2.9481920635082726
5.0,116.0,2.9535716209763945
5.0,117.0,2.958905000184118
5.0,118.0,2.9641929883740072
5.0,119.0,2.9694363516530635
5.0,120.0,2.9746358381468547
