-31.41592653589793,1.0
-30.892327760299633,-1.1547005383803188
-30.368728984701335,-1.9999999999840252
-29.845130209103036,NaN
-29.321531433504738,-1.9999999999610396
-28.79793265790644,-1.1547005383854192
-28.27433388230814,-1.0
-27.750735106709843,1.1547005383703464
-27.227136331111545,2.000000000070961
-26.703537555513247,288119.074275954
-26.17993877991495,2.00000000001056
-25.65634000431665,1.1547005383792286
-25.132741228718352,1.0
-24.609142453120054,-1.1547005383803144
-24.085543677521756,-1.9999999999839768
-23.561944901923457,NaN
-23.03834612632516,-1.9999999999610667
-22.51474735072686,-1.1547005383854223
-21.991148575128562,-1.0
-21.467549799530264,1.1547005383703415
-20.943951023931966,2.000000000070937
-20.420352248333668,288119.074275954
-19.89675347273537,2.0000000000105844
-19.37315469713707,1.1547005383792333
-18.849555921538773,1.0
-18.325957145940475,-1.154700538380314
-17.802358370342176,-1.9999999999839768
-17.278759594743878,NaN
-16.75516081914558,-1.999999999961093
-16.23156204354728,-1.1547005383854272
-15.707963267948983,-1.0
-15.184364492350685,1.1547005383703366
-14.660765716752387,2.0000000000709117
-14.137166941154089,288119.074275954
-13.61356816555579,2.0000000000106084
-13.089969389957492,1.154700538379238
-12.566370614359194,1.0
-12.042771838760896,-1.154700538380301
-11.519173063162597,-1.9999999999839506
-10.995574287564299,NaN
-10.471975511966,-1.999999999961096
-9.948376736367702,-1.154700538385432
-9.424777960769404,-1.0
-8.901179185171106,1.1547005383703324
-8.377580409572808,2.0000000000708886
-7.8539816339745085,288113.76366789546
-7.330382858376209,2.0000000000106275
-6.80678408277791,1.154700538379241
-6.283185307179611,1.0
-5.759586531581312,-1.1547005383803053
-5.235987755983013,-1.999999999983943
-4.712388980384714,NaN
-4.1887902047864145,-1.999999999961096
-3.665191429188116,-1.1547005383854312
-3.141592653589817,-1.0
-2.6179938779915184,1.1547005383703328
-2.0943951023932197,2.000000000070894
-1.570796326794921,288113.76366789546
-1.0471975511966223,2.0000000000106244
-0.5235987755983235,1.1547005383792404
-2.4646951146678475E-14,1.0
0.5235987755982742,1.1547005383792077
1.047197551196573,2.000000000010453
1.5707963267948717,288119.074275954
2.0943951023931704,2.0000000000710645
2.617993877991469,1.1547005383703657
3.141592653589768,1.0
3.6651914291880665,-1.154700538385399
4.188790204786366,-1.9999999999609366
4.712388980384665,NaN
5.235987755982964,-1.999999999984102
5.759586531581263,-1.1547005383803406
6.283185307179562,-1.0
6.806784082777861,1.1547005383792082
7.3303828583761605,2.0000000000104574
7.85398163397446,288119.074275954
8.377580409572758,2.0000000000710587
8.901179185171056,1.1547005383703648
9.424777960769354,1.0
9.948376736367653,-1.154700538385399
10.471975511965951,-1.999999999960941
10.99557428756425,NaN
11.519173063162548,-1.999999999984122
12.042771838760846,-1.1547005383803324
12.566370614359144,-1.0
13.089969389957442,1.1547005383792046
13.61356816555574,2.0000000000104365
14.137166941154039,288119.074275954
14.660765716752337,2.000000000071084
15.184364492350635,1.15470053837037
15.707963267948934,1.0
16.231562043547232,-1.1547005383853948
16.75516081914553,-1.9999999999609153
17.27875959474383,NaN
17.802358370342127,-1.9999999999841598
18.325957145940425,-1.154700538380345
18.849555921538723,-1.0
19.37315469713702,1.1547005383792
19.89675347273532,2.000000000010412
20.420352248333618,288119.074275954
20.943951023931916,2.000000000071107
21.467549799530214,1.1547005383703748
21.991148575128513,1.0
22.51474735072681,-1.154700538385389
23.03834612632511,-1.9999999999608757
23.561944901923408,NaN
24.085543677521706,-1.999999999984185
24.609142453120004,-1.154700538380347
25.132741228718302,-1.0
25.6563400043166,1.1547005383791953
26.1799387799149,2.000000000010387
26.703537555513197,288119.074275954
27.227136331111495,2.0000000000711333
27.750735106709794,1.1547005383703794
28.274333882308092,1.0
28.79793265790639,-1.1547005383853854
29.32153143350469,-1.999999999960866
29.845130209102987,NaN
30.368728984701285,-1.9999999999842353
30.892327760299583,-1.154700538380351
31.41592653589788,-1.0
