-31.41592653589793,1.0
-30.892327760299633,-0.8660254037836381
-30.368728984701335,-0.5000000000039937
-29.845130209103036,NaN
-29.321531433504738,-0.5000000000097401
-28.79793265790644,-0.866025403779813
-28.27433388230814,-1.0
-27.750735106709843,0.8660254037911176
-27.227136331111545,0.49999999998225975
-26.703537555513247,3.4707872171011577E-6
-26.17993877991495,0.49999999999736
-25.65634000431665,0.8660254037844559
-25.132741228718352,1.0
-24.609142453120054,-0.8660254037836416
-24.085543677521756,-0.5000000000040058
-23.561944901923457,NaN
-23.03834612632516,-0.5000000000097333
-22.51474735072686,-0.8660254037798106
-21.991148575128562,-1.0
-21.467549799530264,0.8660254037911213
-20.943951023931966,0.49999999998226574
-20.420352248333668,3.4707872171011577E-6
-19.89675347273537,0.4999999999973539
-19.37315469713707,0.8660254037844524
-18.849555921538773,1.0
-18.325957145940475,-0.8660254037836419
-17.802358370342176,-0.5000000000040058
-17.278759594743878,NaN
-16.75516081914558,-0.5000000000097268
-16.23156204354728,-0.866025403779807
-15.707963267948983,-1.0
-15.184364492350685,0.8660254037911248
-14.660765716752387,0.49999999998227207
-14.137166941154089,3.4707872171011577E-6
-13.61356816555579,0.4999999999973479
-13.089969389957492,0.8660254037844489
-12.566370614359194,1.0
-12.042771838760896,-0.8660254037836514
-11.519173063162597,-0.5000000000040123
-10.995574287564299,NaN
-10.471975511966,-0.500000000009726
-9.948376736367702,-0.8660254037798033
-9.424777960769404,-1.0
-8.901179185171106,0.866025403791128
-8.377580409572808,0.49999999998227784
-7.8539816339745085,3.4708511917975753E-6
-7.330382858376209,0.4999999999973431
-6.80678408277791,0.8660254037844466
-6.283185307179611,1.0
-5.759586531581312,-0.8660254037836483
-5.235987755983013,-0.5000000000040142
-4.712388980384714,NaN
-4.1887902047864145,-0.500000000009726
-3.665191429188116,-0.8660254037798039
-3.141592653589817,-1.0
-2.6179938779915184,0.8660254037911277
-2.0943951023932197,0.4999999999822765
-1.570796326794921,3.4708511917975753E-6
-1.0471975511966223,0.4999999999973439
-0.5235987755983235,0.866025403784447
-2.4646951146678475E-14,1.0
0.5235987755982742,0.8660254037844716
1.047197551196573,0.49999999999738676
1.5707963267948717,3.4707872171011577E-6
2.0943951023931704,0.4999999999822339
2.617993877991469,0.866025403791103
3.141592653589768,1.0
3.6651914291880665,-0.8660254037798281
4.188790204786366,-0.5000000000097659
4.712388980384665,NaN
5.235987755982964,-0.5000000000039745
5.759586531581263,-0.8660254037836219
6.283185307179562,-1.0
6.806784082777861,0.8660254037844711
7.3303828583761605,0.49999999999738565
7.85398163397446,3.4707872171011577E-6
8.377580409572758,0.4999999999822353
8.901179185171056,0.8660254037911037
9.424777960769354,1.0
9.948376736367653,-0.8660254037798281
10.471975511965951,-0.5000000000097647
10.99557428756425,NaN
11.519173063162548,-0.5000000000039695
12.042771838760846,-0.866025403783628
12.566370614359144,-1.0
13.089969389957442,0.8660254037844738
13.61356816555574,0.49999999999739086
14.137166941154039,3.4707872171011577E-6
14.660765716752337,0.499999999982229
15.184364492350635,0.8660254037910999
15.707963267948934,1.0
16.231562043547232,-0.8660254037798313
16.75516081914553,-0.5000000000097712
17.27875959474383,NaN
17.802358370342127,-0.50000000000396
18.325957145940425,-0.8660254037836185
18.849555921538723,-1.0
19.37315469713702,0.8660254037844773
19.89675347273532,0.49999999999739697
20.420352248333618,3.4707872171011577E-6
20.943951023931916,0.4999999999822232
21.467549799530214,0.8660254037910963
21.991148575128513,1.0
22.51474735072681,-0.8660254037798355
23.03834612632511,-0.5000000000097811
23.561944901923408,NaN
24.085543677521706,-0.5000000000039537
24.609142453120004,-0.866025403783617
25.132741228718302,-1.0
25.6563400043166,0.8660254037844808
26.1799387799149,0.4999999999974033
26.703537555513197,3.4707872171011577E-6
27.227136331111495,0.49999999998221667
27.750735106709794,0.8660254037910927
28.274333882308092,1.0
28.79793265790639,-0.8660254037798383
29.32153143350469,-0.5000000000097835
29.845130209102987,NaN
30.368728984701285,-0.5000000000039412
30.892327760299583,-0.866025403783614
31.41592653589788,-1.0
