0.0,-Infinity
1.0,0.0
2.0,0.6931471795482411
3.0,1.098612287948479
4.0,1.3862943596291835
5.0,1.609437910265493
6.0,1.7917594665071481
7.0,1.945910145889343
8.0,2.0794415381525364
9.0,2.197224573511856
10.0,2.3025850889221715
11.0,2.3978952685176305
12.0,2.484906643437285
13.0,2.56494935106862
14.0,2.6390573231886956
15.0,2.708050194648396
16.0,2.7725887137965994
17.0,2.8332133357202163
18.0,2.8903717496554613
19.0,2.944438971010993
20.0,2.99573226356533
21.0,3.0445224279203535
22.0,3.091042443721536
23.0,3.1354942045190017
24.0,3.1780538191873715
25.0,3.21887581393277
26.0,3.2580965253861773
27.0,3.2958368536629092
28.0,3.332204496122764
29.0,3.3672958162895883
30.0,3.401197368289184
31.0,3.4339871894876417
32.0,3.4657358881770057
33.0,3.496507545224988
34.0,3.52636050879452
35.0,3.5553480440606537
36.0,3.58351892148685
37.0,3.6109178960985404
38.0,3.6375861416602326
39.0,3.66356162852021
40.0,3.6888794350003384
41.0,3.713572048076519
42.0,3.7376695981700623
43.0,3.761200096091484
44.0,3.784189612851005
45.0,3.8066624692364037
46.0,3.828641374511539
47.0,3.850147580284989
48.0,3.871200988061508
49.0,3.8918202758332296
50.0,3.9120229817522545
51.0,3.9318256096315496
52.0,3.951243694113224
53.0,3.9702918876828743
54.0,3.9889840213389163
55.0,4.007333158631341
56.0,4.02535166478583
57.0,4.043051240534425
58.0,4.060442983904463
59.0,4.077537415937505
60.0,4.094344534917086
61.0,4.110873835566123
62.0,4.127134355118451
63.0,4.14313469717276
64.0,4.1588830528463285
65.0,4.174387240091077
66.0,4.18965471095151
67.0,4.204692587031704
68.0,4.21950767356326
69.0,4.2341064717246
70.0,4.248495209920835
71.0,4.262679843676765
72.0,4.276666084404065
73.0,4.290459407312158
74.0,4.304065058144303
75.0,4.317488079247462
76.0,4.330733304796853
77.0,4.34380538515421
78.0,4.3567087907877005
79.0,4.369447815377977
80.0,4.382026596389438
81.0,4.394449117209246
82.0,4.406719208628235
83.0,4.4188405679805
84.0,4.430816759869489
85.0,4.442651216358609
86.0,4.454347254957502
87.0,4.46590807821947
88.0,4.477336772900583
89.0,4.48863632700638
90.0,4.499809628481779
91.0,4.510859463541531
92.0,4.521788532941956
93.0,4.532599449937781
94.0,4.543294737943564
95.0,4.553876846158766
96.0,4.564348146930185
97.0,4.574710932870696
98.0,4.58496743193901
99.0,4.595119804317997
100.0,4.605170139092384
101.0,4.615120468863077
102.0,4.624972766230348
103.0,4.6347289401124705
104.0,4.644390849957996
105.0,4.653960301906307
106.0,4.663439044813355
107.0,4.672828784113087
108.0,4.68213117572292
109.0,4.691347831787205
110.0,4.700480314316291
111.0,4.709530148799925
112.0,4.718498819746722
113.0,4.727387766145443
114.0,4.736198394807256
115.0,4.7449320737540654
116.0,4.753590137483713
117.0,4.762173880170446
118.0,4.770684568832289
119.0,4.779123436470896
120.0,4.787491687147917
