10.0,0.0,-Infinity
10.0,1.0,0.0
10.0,2.0,0.30102999575694284
10.0,3.0,0.47712125525086846
10.0,4.0,0.6020599917452348
10.0,5.0,0.6989700046302579
10.0,6.0,0.7781512505780456
10.0,7.0,0.8450980401337584
10.0,8.0,0.9030899870570744
10.0,9.0,0.9542425094659003
10.0,10.0,1.0
10.0,11.0,1.0413926851407143
10.0,12.0,1.07918124519796
10.0,13.0,1.1139433515003172
10.0,14.0,1.1461280349140213
10.0,15.0,1.1760912583326164
10.0,16.0,1.2041199811184542
10.0,17.0,1.230448919933912
10.0,18.0,1.2552725037442285
10.0,19.0,1.2787535996723014
10.0,20.0,1.3010299936266925
10.0,21.0,1.322219292814703
10.0,22.0,1.342422679010936
10.0,23.0,1.3617278334702978
10.0,24.0,1.3802112393053854
10.0,25.0,1.397940006394947
10.0,26.0,1.414973344985603
10.0,27.0,1.4313637613303898
10.0,28.0,1.4471580277984655
10.0,29.0,1.4623979945365677
10.0,30.0,1.4771212515239849
10.0,31.0,1.491361689958252
10.0,32.0,1.5051499746310348
10.0,33.0,1.5185139355096258
10.0,34.0,1.5314789128792592
10.0,35.0,1.5440680395115798
10.0,36.0,1.5563024961497849
10.0,37.0,1.568201719654492
10.0,38.0,1.579783591564457
10.0,39.0,1.5910646021924448
10.0,40.0,1.6020599858601032
10.0,41.0,1.6127838514818245
10.0,42.0,1.6232492845333444
10.0,43.0,1.6334684499551255
10.0,44.0,1.6434526702430636
10.0,45.0,1.6532125077811057
10.0,46.0,1.6627578250772512
10.0,47.0,1.6720978515878533
10.0,48.0,1.6812412304266235
10.0,49.0,1.6901960733424932
10.0,50.0,1.6989699970581555
10.0,51.0,1.7075701690885254
10.0,52.0,1.716003336042961
10.0,53.0,1.7242758614151141
10.0,54.0,1.7323937519312869
10.0,55.0,1.7403626810191641
10.0,56.0,1.7481880188280368
10.0,57.0,1.7558748469212737
10.0,58.0,1.7634279851109154
10.0,59.0,1.7708520026272645
10.0,60.0,1.7781512416696958
10.0,61.0,1.7853298257439867
10.0,62.0,1.792391679670931
10.0,63.0,1.7993405399459703
10.0,64.0,1.8061799639261455
10.0,65.0,1.812913346904842
10.0,66.0,1.819543925263872
10.0,67.0,1.8260747918765943
10.0,68.0,1.8325089022175465
10.0,69.0,1.8388490797126478
10.0,70.0,1.8450980293238735
10.0,71.0,1.8512583375027867
10.0,72.0,1.8573324846839647
10.0,73.0,1.8633228487206526
10.0,74.0,1.869231707810205
10.0,75.0,1.8750612518160865
10.0,76.0,1.8808135801939234
10.0,77.0,1.886490712570159
10.0,78.0,1.892094590444453
10.0,79.0,1.8976270785386233
10.0,80.0,1.903089973730631
10.0,81.0,1.9084850059835423
10.0,82.0,1.9138138389886814
10.0,83.0,1.9190780784778456
10.0,84.0,1.9242792725386457
10.0,85.0,1.9294189116972835
10.0,86.0,1.9344984367298927
10.0,87.0,1.939519238487703
10.0,88.0,1.9444826575318446
10.0,89.0,1.9493899915366375
10.0,90.0,1.9542424947206258
10.0,91.0,1.9590413771215038
10.0,92.0,1.9637878116628396
10.0,93.0,1.968482933266743
10.0,94.0,1.973127837838235
10.0,95.0,1.9777235890511273
10.0,96.0,1.9822712172025458
10.0,97.0,1.986771717961613
10.0,98.0,1.9912260589185045
10.0,99.0,1.9956351782287225
10.0,100.0,1.999999983170238
10.0,101.0,2.0043213564904097
10.0,102.0,2.008600154878652
10.0,103.0,2.012837207367639
10.0,104.0,2.0170333215056178
10.0,105.0,2.0211892816889567
10.0,106.0,2.0253058474361474
10.0,107.0,2.0293837594077426
10.0,108.0,2.03342373675954
10.0,109.0,2.0374264796369377
10.0,110.0,2.0413926664124116
10.0,111.0,2.045322959597742
10.0,112.0,2.0492180039068297
10.0,113.0,2.053078424284555
10.0,114.0,2.0569048317012455
10.0,115.0,2.0606978202812667
10.0,116.0,2.064457969589669
10.0,117.0,2.0681858416791865
10.0,118.0,2.0718819868087577
10.0,119.0,2.0755469404641977
10.0,120.0,2.0791812255628384
