2.0,0.0,-Infinity
2.0,1.0,0.0
2.0,2.0,1.0
2.0,3.0,1.5849625019963292
2.0,4.0,2.0000000007685252
2.0,5.0,2.3219280951477645
2.0,6.0,2.5849625005686785
2.0,7.0,2.807354921587635
2.0,8.0,2.9999999992899244
2.0,9.0,3.1699250005516832
2.0,10.0,3.3219280938615117
2.0,11.0,3.459431617510814
2.0,12.0,3.5849624967915523
2.0,13.0,3.700439714319153
2.0,14.0,3.807354918343175
2.0,15.0,3.906890592000055
2.0,16.0,3.999999993657386
2.0,17.0,4.087462835190015
2.0,18.0,4.169924995639832
2.0,19.0,4.247927507877955
2.0,20.0,4.321928086784973
2.0,21.0,4.392317415046862
2.0,22.0,4.459431611243263
2.0,23.0,4.523561946198153
2.0,24.0,4.584962491311973
2.0,25.0,4.643856180776315
2.0,26.0,4.700439706772872
2.0,27.0,4.754887491298705
2.0,28.0,4.807354908800941
2.0,29.0,4.857980982457758
2.0,30.0,4.906890583477401
2.0,31.0,4.954196295981099
2.0,32.0,4.999999986201776
2.0,33.0,5.044394103289633
2.0,34.0,5.087462825850098
2.0,35.0,5.129282999287183
2.0,36.0,5.169924984506768
2.0,37.0,5.209453349362191
2.0,38.0,5.247927495039409
2.0,39.0,5.285402201171673
2.0,40.0,5.321928075080052
2.0,41.0,5.357551985563644
2.0,42.0,5.3923174016319155
2.0,43.0,5.426264734342348
2.0,44.0,5.459431596212152
2.0,45.0,5.491853074721298
2.0,46.0,5.523561932412186
2.0,47.0,5.554588828875166
2.0,48.0,5.584962475912496
2.0,49.0,5.61470982017084
2.0,50.0,5.643856163855296
2.0,51.0,5.672425316935024
2.0,52.0,5.700439691161188
2.0,53.0,5.727920425602126
2.0,54.0,5.754887474170692
2.0,55.0,5.781359683585702
2.0,56.0,5.807354893096952
2.0,57.0,5.83288998329256
2.0,58.0,5.857980965241549
2.0,59.0,5.882643017598429
2.0,60.0,5.906890564837292
2.0,61.0,5.930737304947827
2.0,62.0,5.954196275902489
2.0,63.0,5.97727989007046
2.0,64.0,5.999999964736035
2.0,65.0,6.022367778819695
2.0,66.0,6.044394083349108
2.0,67.0,6.066089152627171
2.0,68.0,6.087462804527785
2.0,69.0,6.108524418268831
2.0,70.0,6.129282979539486
2.0,71.0,6.149747080345863
2.0,72.0,6.169924960513268
2.0,73.0,6.189824519099199
2.0,74.0,6.209453324111452
2.0,75.0,6.228818650118992
2.0,76.0,6.247927471362446
2.0,77.0,6.266786496895633
2.0,78.0,6.285402176240819
2.0,79.0,6.303780703869798
2.0,80.0,6.321928048881949
2.0,81.0,6.339849958090184
2.0,82.0,6.357551958157452
2.0,83.0,6.375039383209322
2.0,84.0,6.39231737588152
2.0,85.0,6.409390887594909
2.0,86.0,6.426264704504206
2.0,87.0,6.442943446917186
2.0,88.0,6.459431568081527
2.0,89.0,6.475733378778011
2.0,90.0,6.491853045430454
2.0,91.0,6.5077945876970675
2.0,92.0,6.523561901945606
2.0,93.0,6.5391587583057085
2.0,94.0,6.554588797295054
2.0,95.0,6.569855552361559
2.0,96.0,6.584962446078191
2.0,97.0,6.599912785986182
2.0,98.0,6.6147097863505175
2.0,99.0,6.629356563656318
2.0,100.0,6.643856131815764
2.0,101.0,6.658211423252106
2.0,102.0,6.6724252838259765
2.0,103.0,6.686500467524309
2.0,104.0,6.700439656964311
2.0,105.0,6.7142454578543145
2.0,106.0,6.727920393260134
2.0,107.0,6.74146692360287
2.0,108.0,6.754887437866371
2.0,109.0,6.7681842618833015
2.0,110.0,6.78135964915825
2.0,111.0,6.7944158005077115
2.0,112.0,6.807354857624906
2.0,113.0,6.820178896531787
2.0,114.0,6.832889946827851
2.0,115.0,6.84548998215152
2.0,116.0,6.857980927776215
2.0,117.0,6.870364650800705
2.0,118.0,6.8826429791456185
2.0,119.0,6.894817691656325
2.0,120.0,6.906890525426601
