-31.41592653589793,0.0
-30.892327760299633,-0.5000000000013866
-30.368728984701335,-0.8660254037821329
-29.845130209103036,-1.00000000000369
-29.321531433504738,-0.8660254037788152
-28.79793265790644,-0.5000000000080119
-28.27433388230814,0.0
-27.750735106709843,0.4999999999884317
-27.227136331111545,0.866025403794681
-26.703537555513247,0.9999999999939768
-26.17993877991495,0.8660254037859628
-25.65634000431665,0.49999999999996997
-25.132741228718352,0.0
-24.609142453120054,-0.5000000000013807
-24.085543677521756,-0.8660254037821259
-23.561944901923457,-1.0000000000036928
-23.03834612632516,-0.8660254037788191
-22.51474735072686,-0.5000000000080159
-21.991148575128562,0.0
-21.467549799530264,0.49999999998842537
-20.943951023931966,0.8660254037946775
-20.420352248333668,0.9999999999939768
-19.89675347273537,0.8660254037859664
-19.37315469713707,0.4999999999999762
-18.849555921538773,0.0
-18.325957145940475,-0.50000000000138
-17.802358370342176,-0.8660254037821259
-17.278759594743878,-1.0000000000036897
-16.75516081914558,-0.8660254037788229
-16.23156204354728,-0.5000000000080222
-15.707963267948983,0.0
-15.184364492350685,0.49999999998841926
-14.660765716752387,0.8660254037946739
-14.137166941154089,0.9999999999939768
-13.61356816555579,0.8660254037859698
-13.089969389957492,0.4999999999999823
-12.566370614359194,0.0
-12.042771838760896,-0.5000000000013635
-11.519173063162597,-0.8660254037821221
-10.995574287564299,-1.0000000000036895
-10.471975511966,-0.8660254037788233
-9.948376736367702,-0.5000000000080287
-9.424777960769404,0.0
-8.901179185171106,0.4999999999884136
-8.377580409572808,0.8660254037946705
-7.8539816339745085,0.9999999999939766
-7.330382858376209,0.8660254037859726
-6.80678408277791,0.4999999999999862
-6.283185307179611,0.0
-5.759586531581312,-0.5000000000013688
-5.235987755983013,-0.866025403782121
-4.712388980384714,-1.0000000000036902
-4.1887902047864145,-0.8660254037788233
-3.665191429188116,-0.5000000000080277
-3.141592653589817,0.0
-2.6179938779915184,0.49999999998841416
-2.0943951023932197,0.8660254037946713
-1.570796326794921,0.9999999999939766
-1.0471975511966223,0.8660254037859721
-0.5235987755983235,0.4999999999999856
-2.4646951146678475E-14,0.0
0.5235987755982742,0.499999999999943
1.047197551196573,0.8660254037859474
1.5707963267948717,0.9999999999939768
2.0943951023931704,0.866025403794696
2.617993877991469,0.4999999999884569
3.141592653589768,0.0
3.6651914291880665,-0.5000000000079858
4.188790204786366,-0.8660254037788003
4.712388980384665,-1.0000000000036913
5.235987755982964,-0.866025403782144
5.759586531581263,-0.5000000000014146
6.283185307179562,0.0
6.806784082777861,0.4999999999999439
7.3303828583761605,0.8660254037859481
7.85398163397446,0.9999999999939768
8.377580409572758,0.8660254037946951
8.901179185171056,0.4999999999884557
9.424777960769354,0.0
9.948376736367653,-0.5000000000079858
10.471975511965951,-0.866025403778801
10.99557428756425,-1.0000000000036884
11.519173063162548,-0.8660254037821469
12.042771838760846,-0.5000000000014041
12.566370614359144,0.0
13.089969389957442,0.4999999999999392
13.61356816555574,0.8660254037859451
14.137166941154039,0.9999999999939768
14.660765716752337,0.8660254037946987
15.184364492350635,0.49999999998846234
15.707963267948934,0.0
16.231562043547232,-0.5000000000079803
16.75516081914553,-0.8660254037787972
17.27875959474383,-1.0000000000036924
17.802358370342127,-0.8660254037821523
18.325957145940425,-0.5000000000014206
18.849555921538723,0.0
19.37315469713702,0.499999999999933
19.89675347273532,0.8660254037859415
20.420352248333618,0.9999999999939768
20.943951023931916,0.866025403794702
21.467549799530214,0.49999999998846867
21.991148575128513,0.0
22.51474735072681,-0.5000000000079728
23.03834612632511,-0.8660254037787916
23.561944901923408,-1.0000000000036886
24.085543677521706,-0.866025403782156
24.609142453120004,-0.5000000000014231
25.132741228718302,0.0
25.6563400043166,0.4999999999999269
26.1799387799149,0.8660254037859378
26.703537555513197,0.9999999999939768
27.227136331111495,0.8660254037947058
27.750735106709794,0.4999999999884748
28.274333882308092,0.0
28.79793265790639,-0.5000000000079681
29.32153143350469,-0.8660254037787901
29.845130209102987,-1.0000000000036888
30.368728984701285,-0.8660254037821632
30.892327760299583,-0.5000000000014283
31.41592653589788,0.0
